родитель 1: [0, 0, 1, 1, 0, 0, 1, 0, 1]
родитель 2[1, 0, 0, 1, 0, 1, 0, 1, 0]
1-е поколение: 
[0, 0, 1, 1, 0, 1, 0, 1, 0] F = 39
[1, 0, 0, 1, 0, 0, 1, 0, 1] F = 53
После точечной мутации
потомок 1: [0, 1, 1, 0, 0, 1, 0, 1, 0] F = 53
потомок 2: [1, 0, 0, 0, 0, 0, 1, 1, 1] F = 55
2-е поколение: 
[0, 0, 0, 0, 0, 1, 1, 1, 1] F = 44
[1, 0, 1, 0, 0, 1, 0, 1, 0] F = 40
После точечной мутации
потомок 1: [0, 0, 0, 0, 1, 0, 1, 1, 1] F = 34
потомок 2: [0, 1, 1, 0, 0, 1, 0, 1, 0] F = 53
3-е поколение: 
[0, 0, 0, 0, 1, 0, 1, 1, 1] F = 34
[0, 1, 1, 0, 0, 0, 0, 1, 1] F = 65
После точечной мутации
потомок 1: [0, 0, 0, 0, 1, 1, 1, 1, 0] F = 50
потомок 2: [0, 1, 1, 1, 0, 0, 0, 1, 0] F = 55
4-е поколение: 
[0, 0, 1, 1, 0, 1, 0, 1, 0] F = 39
[0, 0, 1, 0, 1, 1, 0, 1, 0] F = 47
После точечной мутации
потомок 1: [0, 0, 1, 0, 1, 1, 0, 1, 0] F = 47
потомок 2: [0, 0, 1, 0, 0, 1, 0, 1, 1] F = 35
5-е поколение: 
[0, 0, 1, 0, 0, 1, 0, 1, 1] F = 35
[0, 0, 1, 0, 1, 1, 0, 1, 0] F = 47
После точечной мутации
потомок 1: [0, 1, 0, 0, 0, 1, 0, 1, 1] F = 54
потомок 2: [0, 0, 1, 0, 1, 0, 0, 1, 1] F = 45
